00000000
000000
0000
000
00
00-backup
00-cache
00-img
00-inc
00-mp
00-ps
0
0-0-1
0-12
0-newstore
0001
001
01
1
1_files
1a2b3c
1c
1p2o3i
1q2w3e
1qaz2wsx
1qw23e
1sanjose
1x1
002
02
2
2-easy-ways
2_files
2co
2d
2db
2g
2welcome
2xfun1970
2z
03
3
3_files
3d
3droi
3dsecure
3g
3gp
3m
3p
3rdparty
04
4
4airlines
4dm1n
4homes
4images
4runner
4travel
4x4
05
5
5_20
5_25
06
6
0007
007
07
7
7z
08
8
09
9
10
10sne1
11
12
12all
12xyz34
13
14
15
16
17
18
19
20
20smb
21
22
23
24
24hourfitness
25
25all
25fb8
25lh8
26
27
28
29
30
31
32
33
34
35
36
37
38
39
40
41
42
43
44
45
46
47
48
49
50
51
52
53
54
55
56
57
58
59
60
61
62
63
64
65
66
67
68
69
70
71
72
73
74
75
76
77
78
79
80
81
82
83
84
85
86
87
88
89
90
91
92
93
94
95
96
97
98
99
100
101
102
103
104
105
106
107
108
109
110
111
112
113
114
115
116
117
118
119
120
121
122
123
123abc
123go
124
125
126
127
128
129
130
131
132
133
134
135
136
137
138
139
140
141
142
143
144
145
146
147
148
149
150
151
152
153
154
155
156
157
158
159
160
161
162
164
165
166
167
168
169
170
171
172
173
174
175
176
177
178
180
181
183
184
185
187
188
189
190
191
192
193
194
196
197
198
199
200
201
202
203
204
205
206
208
209
210
211
212
213
214
216
217
218
219
220
221
222
223
224
225
227
228
229
230
231
232
233
234
235
236
237
238
239
240
241
242
243
0246
246
247
248
0249
249
250
251
252
253
254
255
256
257
258
259
261
262
263
264
265
266
267
268
269
270
271
272
273
274
275
276
277
279
280
281
282
283
284
285
286
287
288
289
290
291
292
293
294
295
296
297
298
300
301
302
303
304
305
306
307
308
309
310monitoring
311
313
314
315
316
317
319
320
322
325
326
327
328
329
330
331
332
333
334
335
336
337
340
341
343
344
345
346
347
348
349
350
351
352
353
354
355
356
358
359
360
361
362
363
364
365
366
368
369
370
372
373
374
375
376
377
378
379
380
382
383
384
385
386
390
391
392
393
394
395
396
397
398
399
400
401
402
403
404
404-error
404notfound
404redirect
406
407
408
409
410
411
412
413
414
415
416
417
418
419
422
423
424
426
427
428
429
430
431
432
433
434
438
441
442
443
444
445
447
448
450
452
453
454
455
456
459
460
461
462
468
469
478
480
481
482
483
485
490
491
492
493
495
497
499
500
501
502
503
504
506
507
508
509
510
511
515
516
519
530
535
537
546
548
549
555
558
560
561
564
569
570
571
575
576
578
588
590
592
593
0594wm
595
599
600
601
604
606
607
609
610
611
614
615
617
620
623
627
628
629
631
636
651
654
655
657
658
660
662
663
667
669
673
677
679
686
688
695
707
712
714
715
717
722
724
726
728
735
736
742
754
755
762
767
776
777
780
781
786
787
789
791
792
794
798
800
801
802
804
805
806
807
808
809
810
811
812
813
814
815
816
817
818
819
820
822
823
824
825
826
828
830
831
832
833
834
835
838
839
844
846
852
853
854
855
859
874
880
884
885
886
888
890
896
897
898
902
908
911
920
972
976
997
999
1000
1001
1009
1022
1024
1111
1166
1168
1169
1173
1178
1179
1187
1188
1189
1191
1193
1203
1204
1205
1208
1210
1211
1212
1213
1214
1215
1216
1217
1218
1221
1222
1224
1225
1229
1230
1234
1234qwer
1237
1244
1250
1261
1263
1273
1277
1278
1280
1283
1291
1298
1312
1313
1320
1324
1332
1341
1349
1350
1354
1358
1366
1369
1371
1372
1373
1379
1383
1399
1400
1405
1480
1489
1493
1498
1500
1548
1572
1585
1590
1593
1594
1595
1596
1650
1676
1694
1698
1701d
1702
1703
1704
1705
1706
1707
1717
1720
1736
1747
1756
1757
1762
1771
1779
1794
1809
1814
1816
1825
1897
1899-hoffenheim
1928
1951
1955
1960
1969
1970
1990
1991
1992
1993
1994
1995
1996
1997
1998
1999
2000
2001
2002
2003
2004
2005
2006
2007
2008
2009
2010
2011
2012
2013
2014
2015
2016
2017
2018
2019
2020
2073
2112
2126
2139
2201
2222
2257
3000
4006
4200
4444
5252
5555
5683
6969
007007
7777
10668
12345
13579
14430
32297
53993
54321
80486
90210
92072
111111
121212
123123
123456
131313
654321
666666
696969
888888
1234567
8675309
12345678
21122112
99999999
!
!_archives
!_images
!backup
!images
!res
!textove_diskuse
!ut
.bash_history
.bashrc
.cvs
.cvsignore
.forward
.history
.htaccess
.htpasswd
.listing
.passwd
.perf
.profile
.rhosts
.ssh
.subversion
.svn
.web
@
A
ADM
ADMIN
ADMON
About
AboutUs
Admin
AdminService
AdminTools
Administration
AggreSpy
AppsLocalLogin
AppsLogin
Archive
Articles
B
BUILD
BackOffice
Base
Blog
Books
Browser
Business
C
CMS
CPAN
CVS
CYBERDOCS
CYBERDOCS25
CYBERDOCS31
ChangeLog
Computers
Contact
ContactUs
Content
Creatives
D
DB
DEMO
DMSDump
Database_Administration
Default
Demo
Documents and Settings
Download
Downloads
E
Education
English
Entertainment
Entries
Events
Extranet
F
FAQ
FCKeditor
G
Games
Global
Graphics
H
HTML
Health
Help
Home
I
INSTALL_admin
Image
Images
Index
Indy_admin
Internet
J
JMXSoapAdapter
Java
L
LICENSE
Legal
Links
Linux
Log
Login
Logs
Lotus_Domino_Admin
M
MANIFEST.MF
META-INF
M_images
Main
Main_Page
Makefile
Media
Members
Menus
Misc
Music
N
News
O
OA
OAErrorDetailPage
OA_HTML
OasDefault
Office
P
PDF
PHP
PRUEBA
PRUEBAS
Pages
People
Press
